INPUT DATA INFO
node embeddings: tensor([[ 0.3153,  0.0570,  0.0355,  ..., -0.1308,  0.0219, -0.3170],
        [ 0.1150, -0.0419, -0.0019,  ..., -0.1097,  0.0835, -0.0389],
        [-0.0680,  0.1487,  0.0895,  ..., -0.2236, -0.0155, -0.0109],
        ...,
        [ 0.0569, -0.0993, -0.1487,  ..., -0.0835, -0.1142,  0.1887],
        [ 0.2164,  0.0181,  0.2068,  ..., -0.1328,  0.1499,  0.0137],
        [-0.0162,  0.0763,  0.0864,  ..., -0.1091,  0.0309, -0.0974]])
edge index: tensor([[ 0,  0,  1,  1,  2,  2,  3,  3,  4,  4,  5,  5,  6,  6,  7,  7,  8,  8,
          9,  9, 10, 11, 11, 12, 12, 13, 14, 14, 15, 15, 16, 16, 17, 17, 18, 18,
         19, 19, 20, 20],
        [ 1, 20,  0,  2,  1,  3,  2,  4,  3,  5,  4,  6,  5,  7,  6,  8,  7,  9,
          8, 11, 14,  9, 12, 11, 13, 12, 10, 15, 14, 16, 15, 17, 16, 18, 17, 19,
         18, 20,  0, 19]])
edge attributes: tensor([1, 0, 0, 1, 0, 1, 0, 1, 0, 1, 0, 1, 0, 1, 0, 1, 0, 1, 0, 1, 1, 0, 1, 0,
        1, 0, 0, 1, 0, 1, 0, 1, 0, 1, 0, 1, 0, 1, 1, 0])
batch info tensor([0, 0, 0, 0, 0, 0, 0, 0, 0, 0, 0, 0, 0, 0, 0, 0, 0, 0, 0, 0, 0])
====================================

LAYER WEIGHT INFO
shape of layer 0 weights torch.Size([20, 640, 640])
sum of layer 0 weights tensor(-2164.6396, grad_fn=<SumBackward0>)
shape of layer 1 weights torch.Size([20, 640, 1])
sum of layer 1 weights tensor(112.5299, grad_fn=<SumBackward0>)
====================================

OUTPUTS
outputs of RGCN: tensor([[18.0432],
        [12.1097],
        [ 5.9217],
        [ 2.8735],
        [-1.1355],
        [ 6.8543],
        [ 6.0937],
        [ 8.0521],
        [ 8.8809],
        [-2.0855],
        [20.5586],
        [ 8.0349],
        [25.1401],
        [ 8.2043],
        [18.1223],
        [ 0.8584],
        [ 5.1380],
        [12.7283],
        [21.2323],
        [16.5373],
        [12.7147]], grad_fn=<AddBackward0>)
end of first run

INPUT DATA INFO
node embeddings: tensor([[ 0.3153,  0.0570,  0.0355,  ..., -0.1308,  0.0219, -0.3170],
        [ 0.1150, -0.0419, -0.0019,  ..., -0.1097,  0.0835, -0.0389],
        [-0.0680,  0.1487,  0.0895,  ..., -0.2236, -0.0155, -0.0109],
        ...,
        [ 0.0569, -0.0993, -0.1487,  ..., -0.0835, -0.1142,  0.1887],
        [ 0.2164,  0.0181,  0.2068,  ..., -0.1328,  0.1499,  0.0137],
        [-0.0162,  0.0763,  0.0864,  ..., -0.1091,  0.0309, -0.0974]])
edge index: tensor([[ 0,  0,  1,  1,  2,  2,  3,  3,  4,  4,  5,  5,  6,  6,  7,  7,  8,  8,
          9,  9, 10, 11, 11, 12, 12, 13, 14, 14, 15, 15, 16, 16, 17, 17, 18, 18,
         19, 19, 20, 20],
        [ 1, 20,  0,  2,  1,  3,  2,  4,  3,  5,  4,  6,  5,  7,  6,  8,  7,  9,
          8, 11, 14,  9, 12, 11, 13, 12, 10, 15, 14, 16, 15, 17, 16, 18, 17, 19,
         18, 20,  0, 19]])
edge attributes: tensor([1, 0, 0, 1, 0, 1, 0, 1, 0, 1, 0, 1, 0, 1, 0, 1, 0, 1, 0, 1, 1, 0, 1, 0,
        1, 0, 0, 1, 0, 1, 0, 1, 0, 1, 0, 1, 0, 1, 1, 0])
batch info tensor([0, 0, 0, 0, 0, 0, 0, 0, 0, 0, 0, 0, 0, 0, 0, 0, 0, 0, 0, 0, 0])
====================================

LAYER WEIGHT INFO
shape of layer 0 weights torch.Size([20, 640, 640])
sum of layer 0 weights tensor(-2164.6396, grad_fn=<SumBackward0>)
shape of layer 1 weights torch.Size([20, 640, 1])
sum of layer 1 weights tensor(112.5299, grad_fn=<SumBackward0>)
====================================

OUTPUTS
outputs of RGCN: tensor([[20.2732],
        [11.2762],
        [ 7.5519],
        [ 2.5457],
        [ 0.1009],
        [ 5.7030],
        [ 4.1014],
        [ 7.1682],
        [ 9.4864],
        [-4.1483],
        [19.7230],
        [ 9.1163],
        [23.4504],
        [ 6.8184],
        [15.5065],
        [ 0.8209],
        [ 7.3533],
        [15.3558],
        [19.3438],
        [15.9763],
        [13.8291]], grad_fn=<AddBackward0>)
end of second run

